.Random.seed <-
c(10403L, 418L, 1356770379L, 1380190640L, -1128282399L, -1286815762L, 
54863221L, 327660609L, -207001865L, -1717375144L, -868816126L, 
-2136154894L, -1098503090L, 786874936L, -867249653L, -794217259L, 
-31191752L, -202515464L, -1504535055L, -1728795984L, -173951436L, 
392136055L, -1256363615L, 1112773603L, 1787222546L, 176218545L, 
1217721464L, 18463294L, -1911286038L, -481834848L, -1455986789L, 
-1109338813L, 2140579523L, -989459227L, -1553926694L, -69297784L, 
1811176595L, 97565713L, -273264019L, 1347866078L, -1057028308L, 
-112473960L, -1252232410L, -2094297945L, 1674004562L, 931618065L, 
2069075289L, -428300801L, -2132222184L, 1674990453L, -918215274L, 
-1294619820L, 2137090544L, 830471267L, -1772741359L, 651820543L, 
-1700420757L, -302267436L, -468731312L, -1059267202L, 979847138L, 
-1150301769L, 1308407171L, 399221286L, -971114450L, -508778827L, 
-1728557699L, -932451609L, -1281810745L, -1896949038L, 1976925919L, 
-399118163L, 1976603208L, 1721030366L, 982411817L, 438253295L, 
-2103549435L, -149776216L, 1821858681L, 458777576L, 124920882L, 
836735250L, 1791283531L, -640413473L, -63549296L, 1107643617L, 
-1079808661L, 1829966225L, -1815217606L, -1189525853L, 839019540L, 
1890437682L, -646999752L, -58239347L, 1077906358L, 1505925292L, 
932299470L, 128097361L, -1656253429L, -718529698L, 173425458L, 
-86209087L, 1819171697L, -1025121854L, -1108024320L, -157714223L, 
203061664L, 839945899L, 440171815L, -816816422L, -1825804790L, 
1742808096L, 166413789L, 1586191513L, -1307245755L, -1544523973L, 
-2089210479L, 724076577L, 516083241L, 892309640L, 1529109439L, 
-166993210L, -1375254073L, 625161432L, 254652905L, -545439924L, 
-1154386566L, -1166274437L, -455577928L, -1985362235L, -1157762839L, 
1582987555L, -920312231L, -1794072623L, 585780636L, -1434575261L, 
-483554198L, -151634051L, 1108681826L, -1717752098L, -1010505481L, 
2139062351L, -107030356L, -1854638201L, -201803740L, -491816394L, 
-1462874183L, 939502182L, 1300962199L, -1320042593L, -1072436422L, 
1111437898L, -394969143L, 2083840003L, 1994071656L, -1973939467L, 
307922286L, -1724592223L, 1407766342L, 1148791564L, 922283352L, 
511713L, -1372504377L, -1872802098L, 1813857731L, 1470112931L, 
-1950450260L, 1952915570L, -308708L, -24632674L, 1743562516L, 
727166869L, -316763463L, 1859784831L, 270706537L, -940050314L, 
1503337704L, -743004928L, -1036211849L, 1715764384L, -1702101185L, 
871313531L, 1179261080L, 1534466433L, 1800241801L, 84266216L, 
1918781446L, 1840453907L, 1480822325L, 1146506045L, -1129830169L, 
-1262449561L, 1458532324L, -1386848793L, 366254612L, -1370900370L, 
1470868864L, -1651322146L, 1228320452L, 1810212054L, 511924772L, 
-1858873900L, -24108335L, -1466465993L, 230938040L, 615650315L, 
-1306467493L, -1450842274L, -360607407L, 2005360595L, 998352075L, 
-989066337L, -1589050173L, 1959942228L, 1305402542L, 585102839L, 
604872665L, 5932393L, 1713449234L, -600816967L, 13188770L, -766386459L, 
-1820247359L, -664996122L, -108645462L, 332611985L, 1984576850L, 
2033024723L, 926416677L, -954916648L, -92791466L, -1389226699L, 
-1802204485L, -2107645993L, -1519928229L, -156431966L, -1598635701L, 
-904094262L, 736267478L, -427581136L, 412232177L, 1387746903L, 
1468996728L, -82732060L, 1866056175L, -1742772262L, -1153041968L, 
-1853487324L, 1123416502L, 911749170L, 22444786L, 230391791L, 
1250235392L, 110148150L, 66262779L, -1707837106L, 1736747382L, 
-1114807375L, -368699299L, 289706724L, -185303539L, 1392932391L, 
-71721012L, 1746866036L, 1917355450L, 1466392407L, 456026659L, 
-2002153664L, -1941194111L, 739440472L, -427761532L, 1463281228L, 
-1504743843L, -443986513L, 1220634569L, -211539133L, 1921700767L, 
864637733L, -1042696216L, -33369831L, -894291943L, 1741068035L, 
1823122883L, -247978093L, 26414686L, 1124195935L, -621849169L, 
-2069066206L, 968341064L, 2081818911L, -288357135L, -1698585867L, 
224034639L, -1771084312L, -691196034L, -834837335L, 502242791L, 
861278566L, 1742535321L, 9325469L, -13425521L, -639145595L, -237259532L, 
1095141591L, -1552251732L, 1516823914L, -1855625448L, 872056007L, 
954228677L, 1272864885L, -857083562L, 1143588427L, 1517902900L, 
-284931487L, 2065590506L, 1836788106L, -739274297L, -780015124L, 
-969222297L, 1043975092L, 1872084467L, -1601870068L, 1260892355L, 
382529646L, -1080204592L, 1686889014L, -665291108L, 389369342L, 
-1395910676L, -1658719703L, 1564157931L, 971556724L, -1943657908L, 
-1783020111L, 592270276L, -2045877752L, -600266395L, 991746075L, 
1602467914L, 716368837L, -346109233L, -1784193299L, -1598931818L, 
48465715L, 2017646752L, -786615702L, 1534695294L, -579140765L, 
-717618544L, 1778189905L, 1769596186L, 80919511L, -234694600L, 
-1048756908L, 886327983L, 1854218594L, 1036049810L, 1755393563L, 
-1001506012L, 957659603L, 1518679231L, 469742073L, -1335359566L, 
-1021581628L, -1045695701L, -2123715999L, 1428798055L, -1609516713L, 
-2042414703L, 1604945217L, -1767475069L, 1701949792L, 1067024074L, 
1531243332L, -789004972L, 1688530759L, 2084127004L, -1316302085L, 
-738627197L, -726461820L, 1716349656L, -680489020L, -1218167420L, 
-33978737L, -138391636L, 1313564391L, 1759301820L, 1545797471L, 
1356980972L, 1459999121L, 562014935L, 344261012L, 707220337L, 
2092163607L, 2120563889L, 1147880206L, 355290105L, -1791922400L, 
-805802358L, 162292521L, 2060130400L, -945995561L, 604159018L, 
-1956421630L, -712541422L, 1949805805L, -1438960018L, 173638378L, 
2136620540L, 519767855L, -1254212126L, 321445168L, -1504796690L, 
-1391778780L, 2108447555L, 1909118716L, -822585366L, -886737002L, 
210484934L, -1261306621L, -338781653L, -1621139946L, 894407485L, 
887883373L, 1422356082L, 38139837L, -2034651763L, 1596934326L, 
-579733969L, -91828337L, 91732652L, -1564925177L, 1855487594L, 
909602938L, 1759187827L, 1518324688L, -1342964629L, -208617082L, 
328100646L, -1150666079L, 1080894398L, -194372728L, 1167714032L, 
776393618L, -806146204L, 1255352828L, 282799163L, -1394565116L, 
437458705L, -1795391968L, -206936442L, 239267895L, 1350913396L, 
-1597404691L, -2009133683L, -1413957531L, 655869184L, 539197499L, 
-351804200L, 288039036L, -107827808L, -1239825162L, -2015847012L, 
128107517L, -1009190819L, -1864971772L, -988800672L, 968447651L, 
823786917L, 414745693L, 1265497470L, -966248016L, 631568065L, 
-133501455L, -611437810L, -329947552L, -1273541869L, 1579960572L, 
-1155202024L, -765022754L, 1877518577L, 890873089L, -1269712715L, 
1040934381L, -1954569281L, 1316057842L, 2088495288L, -182700258L, 
118445777L, 443757966L, 1448054990L, 264020204L, -196217564L, 
-2068303810L, 316121368L, -191078596L, 908723969L, -1212371018L, 
-462783997L, 2143486265L, 739429537L, -384992895L, 1809436061L, 
2057581738L, -1044308312L, -2107476066L, -439566334L, -2063155734L, 
1864496219L, 590256360L, 1192407628L, -566217518L, -1602632891L, 
1445019764L, 148590856L, 868446425L, -655148263L, -1858071512L, 
-198921005L, 77379128L, -838001660L, 141677740L, 500882151L, 
1703769105L, -701777591L, 1123427106L, -1947329019L, 94817902L, 
-20997980L, 995519334L, 2146511536L, -1529186896L, -151585528L, 
852194215L, 46599108L, 915222472L, 1712527833L, 1350080818L, 
1142362626L, 108928706L, -860555395L, -1996586510L, -47149498L, 
-495210058L, 2040977133L, -617078875L, 1811469382L, 139726516L, 
-1668156417L, 1198750781L, 1315699944L, -741049489L, 1948586445L, 
-532858765L, 1700762048L, -1747409287L, 1551162047L, 2076484020L, 
-2135715815L, -1860353272L, -191285901L, -191404297L, 30511549L, 
-2025735771L, 63521672L, -1369719155L, -994692095L, 337062441L, 
-422165282L, -393013000L, -902590400L, 395778115L, 517213411L, 
-1845918782L, 1811348317L, 1561546135L, -1555755905L, -1906076230L, 
205781940L, 470082728L, -1115879522L, 1273259179L, 306794220L, 
-535852627L, -1146952669L, -1956137768L, 723664685L, 343233686L, 
606651384L, -906096858L, 461840590L, -591947096L, 1673746721L, 
-960956066L, 2005012928L, -1147550417L, 89290667L, 1171451784L, 
-1091135494L, 175457150L, 543875119L, -633963352L, -1953694829L, 
820538689L, 288131704L, 1554984641L, 1992069453L, -795542722L, 
